,X(k),Y(k),f(X(k)),d(k),alpha(k),X(k+1)
0,-4.0,6.0,10025.0,[16010.  2000.],9.999995338816348e-05,[-2.39900075  6.19999991]
1,-2.3990007462555027,6.199999906776327,31.337494297706463,[ 88.90948134 419.97814244],-0.0005000000466104382,[-2.44345549  5.99001082]
2,-2.443455491071328,5.990010815982648,11.895551557790174,[-36.4323633  -28.13227417],-0.15540000004624943,[ 3.21813377 10.36176622]
3,3.2181337668284633,10.361766223283944,4.923013227229652,[-1.37082385 -4.93788697],2.068299999948568,[0.38285879 0.14873461]
4,0.38285878994064637,0.1487346077127416,0.3813271390747919,[28.41881518 26.42394826],0.008099999953369519,[0.61305119 0.36276859]
5,0.6130511915736196,0.3627685873897199,0.16679403732485715,[-2.2736077   2.76848817],0.0020999999533835023,[0.60827662 0.36858241]
6,0.6082766155138886,0.36858241242768713,0.15364829045106376,[0.29754955 0.14272994],0.016999999953348777,[0.61333496 0.37100882]
7,0.6133349579259726,0.37100882139791963,0.152183726341694,[-1.13198659  0.39748274],0.0014999999533849007,[0.61163698 0.37160505]
8,0.611636978097232,0.37160504548845036,0.1514482132840704,[-1.30778778 -0.9752124 ],-0.008000000046592959,[0.62209928 0.37940674]
9,0.6220992804024341,0.379406744742746,0.14858612423204814,[-2.45059615  0.2051298 ],0.0014999999533849007,[0.61842339 0.37971444]
10,0.6184233862929113,0.3797144394350244,0.14634766577785716,[-3.0636067  -2.60407922],-0.004900000046600184,[0.63343506 0.39247443]
11,0.6334350592565969,0.3924744277502691,0.14205333640571513,[-3.5505442  -0.30960298],0.0012999999533853668,[0.62881935 0.39207194]
12,0.6288193519590504,0.3920719438949738,0.13889185859642786,[-7.6141752  -6.84760596],-0.0020000000466069423,[0.6440477  0.40576716]
13,0.6440477027067216,0.40576715613550784,0.13485664668730624,[-9.70824634 -6.28771919],0.0004999999533872312,[0.63919358 0.4026233 ]
14,0.6391935799914629,0.40262329683472114,0.13371573676777732,[69.40471036 71.39216177],0.00029999995338769736,[0.66001499 0.42404094]
15,0.6600149898648378,0.42404094203695436,0.12899677182845548,[ 6.678903  11.3715864],0.05219999995326674,[1.00865373 1.01763775]
16,1.0086537261434467,1.0176377514397617,8.141051416656125e-05,[-6.40134031 -6.53816427],-4.661160346586257e-11,[1.00865373 1.01763775]
17,1.0086537264418234,1.0176377517445159,8.141050415089084e-05,[6.84766505 6.71084127],-,-
