,X(k),Y(k),f(X(k)),d(k),alpha(k),X(k+1)
0,5.0,30.0,591.0,[2493. -498.],0.0004999999533872312,[ 6.24649988 29.75100002]
1,6.2464998837943675,29.75100002321316,-18.405414256322928,[-15.03551492  74.4972004 ],0.014999999953353438,[ 6.02096716 30.86845803]
2,6.020967160727372,30.86845802578731,-27.20774433380565,[-0.43124268 -0.07608953],0.0014999999533849007,[ 6.0203203  30.86834389]
3,6.0203202967240275,30.86834389149332,-27.20777293680183,[1.11444685 1.33677065],0.0019999999533837354,[ 6.02254919 30.87101743]
4,6.022549190373828,30.871017432728365,-27.207986701025185,[0.07873293 0.66012821],0.26149999995277895,[ 6.04313785 31.04364096]
5,6.043137851192425,31.043640960528066,-27.22726461769922,[19.83651239 17.30124667],0.000999999953386066,[ 6.06297436 31.06094221]
6,6.0629743626579655,31.060942206388802,-27.241322405841416,[2.99000721 4.14927262],-0.0015000000466081076,[ 6.05848935 31.0547183 ]
7,6.058489351696702,31.054718297268927,-27.241983143198617,[-0.55240873 -0.0656036 ],0.00249999995338257,[ 6.05710833 31.05455429]
8,6.057108329891548,31.054554288278666,-27.242141422953225,[-1.4489739 -1.249454 ],-0.0010000000466092729,[ 6.0585573  31.05580374]
9,6.058557303859925,31.05580374233826,-27.24221144495776,[-0.33301447  0.12269947],0.004499999953377909,[ 6.05705874 31.05635589]
10,6.057058738765123,31.056355889950503,-27.242453293644758,[-2.06698271 -1.95506369],-0.0010000000466092729,[ 6.05912572 31.05831095]
11,6.059125721575624,31.058310953735454,-27.24263786687591,[-0.47152909 -0.00064707],0.002999999953381405,[ 6.05771113 31.05830901]
12,6.057711134337416,31.058309012527097,-27.242807046787448,[-1.87729735 -1.70814087],-0.0005000000466104382,[ 6.05864978 31.05916308]
13,6.058649783100733,31.059163083042865,-27.242910002998414,[0.7272596  1.06126257],0.00249999995338257,[ 6.06046793 31.06181624]
14,6.060467932060073,31.061816239414483,-27.243061087275315,[0.87085986 1.47812435],0.000999999953386066,[ 6.06133879 31.06329436]
15,6.061338791880992,31.063294363692467,-27.24308482327541,[-2.90079829 -2.17279651],0.0004999999533872312,[ 6.05988839 31.06220797]
16,6.05988839287004,31.062207965537798,-27.24332860422154,[-0.02013511  0.44876827],0.04849999995327536,[ 6.05891184 31.08397323]
17,6.058911840069969,31.083973226812137,-27.245922824193507,[10.79000229 10.10120128],0.0004999999533872312,[ 6.06430684 31.08902383]
18,6.0643068407126695,31.089023826983222,-27.24818221678074,[-1.38175917 -1.10312153],-0.0005000000466104382,[ 6.06499772 31.08957539]
19,6.064997720363404,31.089575387799812,-27.24819766762912,[0.10991199 0.51257829],2.695999999947105,[ 6.36132044 32.47148647]
20,6.361320439457475,32.47148646845518,-27.36510966963202,[10.40770528 15.07611934],-0.0030000000466046117,[ 6.33009732 32.42625811]
21,6.330097323142637,32.42625810972209,-27.41048705777662,[-1.67698101 -1.22180784],0.000999999953386066,[ 6.32842034 32.4250363 ]
22,6.32842034221203,32.42503630193443,-27.41067706338341,[-0.19684087 -0.05828159],0.000999999953386066,[ 6.3282235  32.42497802]
23,6.328223501355252,32.42497802034261,-27.41068066020403,[0.38852218 0.48577379],0.0014999999533849007,[ 6.32880628 32.42570668]
24,6.328806284600086,32.425706681002296,-27.410702420184442,[0.01147947 0.20630197],0.10399999995314602,[ 6.33000015 32.44716209]
25,6.3300001492321085,32.44716208585765,-27.411605436874495,[4.72805278 4.23039496],0.0004999999533872312,[ 6.33236418 32.44927728]
26,6.332364175402726,32.44927728313848,-27.412302421370654,[-1.17777254 -1.2320509 ],-0.0010000000466092729,[ 6.33354195 32.45050933]
27,6.333541947995357,32.450509334094264,-27.412397453845884,[0.00760803 0.16236758],0.10899999995313436,[ 6.33437122 32.4682074 ]
28,6.334371223594694,32.46820739981488,-27.413091279690036,[-3.36320209 -3.81509238],-0.0010000000466092729,[ 6.33773443 32.47202249]
29,6.3377344258410275,32.472022492373426,-27.413819270652027,[0.1092549  0.24808247],0.01849999995334528,[ 6.33975564 32.47661202]
30,6.339755641495737,32.476612018035176,-27.413933587451254,[1.21467689 1.59956639],-0.0010000000466092729,[ 6.33854096 32.47501245]
31,6.338540964551549,32.4750124515742,-27.41399584072584,[-0.29444211 -0.10799276],0.0014999999533849007,[ 6.3380993  32.47485046]
32,6.3380993013931315,32.47485046243913,-27.414011343378476,[-0.49763213 -0.40247228],-0.0005000000466104382,[ 6.33834812 32.4750517 ]
33,6.3383481174834735,32.47505169859889,-27.414015019123866,[0.09797357 0.23976266],0.0259999999533278,[ 6.34089543 32.48128553]
34,6.34089543026262,32.48128552777889,-27.414173210821083,[1.72134373 2.15312373],-0.0010000000466092729,[ 6.33917409 32.4791324 ]
35,6.339174086448787,32.47913240394515,-27.414277557815993,[0.06188863 0.20750038],0.14449999995305163,[ 6.34811699 32.50911621]
36,6.348116993274303,32.509116209238925,-27.415138107964765,[4.26535196 5.0673739 ],-0.0010000000466092729,[ 6.34385164 32.50404884]
37,6.3438516411180625,32.50404883510114,-27.415870657062143,[0.57052204 0.65783324],0.000999999953386066,[ 6.34442216 32.50470667]
38,6.344422163130324,32.504706668305936,-27.41588456104627,[0.13441768 0.31992435],0.013499999953356934,[ 6.3462368  32.50902565]
39,6.346236801866415,32.50902564706473,-27.415969640747626,[-2.48525985 -2.087749  ],0.0004999999533872312,[ 6.34499417 32.50798177]
40,6.3449941720596605,32.50798177266428,-27.4160959418096,[0.02309652 0.19143467],0.2954999999526997,[ 6.35181919 32.56455072]
41,6.351819194507276,32.564550718881705,-27.418065844457928,[10.61827003  9.78083597],0.0004999999533872312,[ 6.35712833 32.56944114]
42,6.357128329028413,32.56944113641022,-27.419771014445487,[0.05509937 0.21286003],0.3244999999526321,[ 6.37500808 32.63851421]
43,6.375008075452911,32.638514214821654,-27.421561259773625,[-11.4587504  -10.38928677],0.0004999999533872312,[ 6.3692787  32.63331957]
44,6.3692787007873495,32.63331957192185,-27.423290250121745,[-0.91442113 -0.87120875],-0.0005000000466104382,[ 6.36973591 32.63375518]
45,6.369735911396976,32.633755176336805,-27.42330291475507,[-0.01781461  0.10862279],0.02799999995332314,[ 6.3692371  32.63679661]
46,6.36923710217948,32.636796614451185,-27.423415870987924,[-2.58521876 -2.70716186],-0.0005000000466104382,[ 6.37052971 32.6381502 ]
47,6.37052971168096,32.63815019550981,-27.423535896270202,[0.19243161 0.30154107],0.002999999953381405,[ 6.37110701 32.63905482]
48,6.371107006509954,32.63905481872017,-27.42354896167685,[0.64459831 0.84268399],-0.0005000000466104382,[ 6.37078471 32.63863348]
49,6.3707847073248,32.638633476687254,-27.42355097710071,[-0.2651667  -0.12041161],0.000999999953386066,[ 6.37051954 32.63851307]
50,6.3705195406332455,32.63851306508626,-27.423558007141708,[-0.47337747 -0.38267773],-4.661160346586257e-11,[ 6.37051954 32.63851307]
51,6.370519540655311,32.63851306510409,-27.423558007142027,[0.4432279  0.53392764],-,-
