,X(k),Y(k),f(X(k)),d(k),alpha(k),X(k+1)
0,5.0,5.0,40016.0,[-9.99750062e-04  1.99900025e+01],1.0000000004822596,[ 4.99900025 24.99000251]
1,4.999000249937033,24.990002509015522,15.992002999094439,[ -3.99820872 -39.9740918 ],0.06600000047779986,[ 4.73511847 22.35171243]
2,4.735118472469127,22.351712431314166,14.436006599220827,[-0.25022728 -2.30007714],1.3300000004838353,[ 4.40231619 19.29260984]
3,4.402316186771245,19.29260983758745,12.346252649149363,[-0.18335798 -1.5266216 ],2.4210000004890446,[ 3.95840653 15.59665894]
4,3.9584065266517476,15.596658940328716,9.275235003282582,[-0.19130113 -1.44217198],1.949000000486791,[ 3.58556063 12.78586575]
5,3.585560626757742,12.785865745247815,7.180447819380977,[-0.17150344 -1.15949272],2.2490000004882233,[ 3.19984938 10.17816661]
6,3.199849382939159,10.178166609293946,5.209846474843728,[-0.16698552 -1.00778758],2.090000000487464,[2.85084964 8.07189057]
7,2.8508496402584305,8.071890566980445,3.7331490693957377,[-0.15308144 -0.81737123],2.2180000004880753,[2.51131501 6.25896119]
8,2.511315008826435,6.25896118877859,2.5120018121227465,[-0.14327465 -0.67187367],2.179000000487889,[2.19911955 4.79494846]
9,2.1991195479691656,4.794948462657164,1.607453123796653,[-0.12983576 -0.52987039],2.251000000488233,[1.90685925 3.60221021]
10,1.906859252178364,3.6022102099698863,0.9373282477163316,[-0.1165569  -0.41061321],2.2700000004883236,[1.64227509 2.67011822]
11,1.6422750884682913,2.6701182235473278,0.4851434572412606,[-0.10051492 -0.30319704],2.3600000004887534,[1.40505989 1.9545732 ]
12,1.4050598866230215,1.9545732030362186,0.2025682733662175,[-0.08226209 -0.21154625],2.4560000004892117,[1.20302419 1.43501562]
13,1.2030241900471415,1.4350156184923177,0.056228951193340905,[-0.05884219 -0.12932557],2.677000000490267,[1.04550365 1.08881106]
14,1.0455036465854177,1.0888110586886206,0.0038911540160497735,[-0.02455193 -0.04707145],1.5200000004847425,[1.00818471 1.01726245]
15,1.0081847118331133,1.0172624547791274,0.00013522398112830508,[-0.0098045  -0.02059553],0.8700000004816388,[0.9996548  0.99934435]
