202.244533179986 205.91199698438
246.086102901629 131.740056864911
217.733948008976 154.888272092306
207.765176176988 209.42865458359
247.532442251094 203.26800105365
248.21095213715 186.054424820467
156.086361313504 184.822025379774
177.817572824703 152.492623261669
160.631408550052 193.638568413651
210.354581449555 167.6014745773
208.11269360578 154.463559312327
150.595574677259 174.863491684542
224.993166886231 161.541972306117
169.274501522482 207.883222942936
184.333322866482 161.576582885059
203.982997572381 133.19972765718
152.293374767831 187.564090802259
230.883561650782 135.998714604685
183.571370189511 167.599682377997
174.402714550997 160.371702198353
219.401828602569 206.169884802907
206.067051272341 152.077518185543
187.341658081332 209.267389838879
227.175255090276 209.762295699489
249.700474509602 182.427437133597
220.967622306024 184.019493810491
207.233556365101 135.033119311859
199.217830990541 185.479914737522
165.65700761634 191.928228754479
187.036851235939 178.504999255267
242.545913756182 217.348083294648
215.379515464902 226.366878914461
157.382226861266 186.509526415628
198.518802206345 153.618855310984
167.99861005228 145.041737823924
200.065337944547 156.461915745223
169.36884293812 145.610965777263
198.34569372983 173.230472908659
174.454736987358 191.817685317377
195.998446514541 141.662132068985
189.845218279902 158.640735022314
249.292566405544 207.784795327536
159.316857748497 155.721218329961
210.703604216816 151.264598278614
176.203286969554 193.903004763335
222.443658720889 225.359439950095
209.859935007523 228.245769664259
169.46141886129 209.568034706522
158.262656915004 143.167288292028
247.250529385648 220.139221004644
484.344779254932 924.743340762079
938.940902827053 561.946990599031
647.245945232746 398.533744889601
641.815178491964 806.064668074754
1027.80420221471 692.533008596607
1087.5774011238 802.028732805076
278.010156066596 509.745758332163
446.957192998789 513.658478639983
405.306610088058 858.893372862385
900.906977118095 631.41254680024
711.005794163185 496.190199869925
362.889601192977 486.758456660131
789.529066345849 425.13815105953
288.420113337214 920.491589442223
469.325907019503 583.2302420071
818.325516168276 490.223106855503
206.313829233547 970.635302274435
755.446372480686 250.430403554188
737.696000480713 521.357053797486
285.270402786335 449.492160986065
904.600248493339 1066.44443415141
669.905786234688 438.174389851918
579.497445579 873.480475246273
1004.76553258165 976.98383232946
850.303690731375 632.528642660545
847.736701790406 579.508929703343
548.286697230953 367.043143812755
645.77798403493 752.077086264056
332.757103481649 645.869628304811
677.299700009995 522.441014693113
1097.52736080546 855.863578299381
641.512533412395 1120.55065174878
511.738696582769 718.844906955102
759.900638124459 444.284112072049
304.475284357289 332.508768518133
540.343099206676 470.920084996346
302.857408321932 330.966459143482
596.239379214145 546.471675820779
462.048796545536 678.851556027991
548.653265055648 293.816979407618
446.633815059373 465.070026541143
965.731380951656 806.155055178249
284.517394139743 314.005586033564
584.75238200166 333.684504442913
528.89937524574 744.860448910418
737.518113252448 958.239750086103
746.797805784269 907.571432083983
442.747433189746 1018.10407972587
275.594691512775 573.654629802766
1071.18430009235 881.538428792442
