,X(k),Y(k),f(X(k)),d(k),alpha(k),X(k+1)
0,5.0,31.0,1260.0,[4313. -862.],0.0002499999766936156,[ 6.0782499  30.78450002]
1,6.078249899479564,30.784500020090103,-26.834712520945573,[-1.75828457  7.93866459],0.023249999976640012,[ 6.03736978 30.96907397]
2,6.037369783169664,30.969073971529166,-27.226031108283046,[-1.58253125 -1.99478611],-0.003750000023297062,[ 6.04330428 30.97655442]
3,6.043304275384322,30.97655441947133,-27.22781531688809,[-0.71849796 -0.16868761],0.0022499999766889545,[ 6.04168765 30.97617487]
4,6.041687654994158,30.976174872342327,-27.22800766228478,[-0.95051602 -0.7275945 ],-0.0010000000233034712,[ 6.04263817 30.97690247]
5,6.042638171031388,30.97690246686274,-27.22805648902564,[0.15463835 0.5493801 ],0.24799999997611621,[ 6.08098848 31.11314873]
6,6.080988481486033,31.113148731499756,-27.239283376289123,[7.18067889 9.81772935],-0.0020000000233011406,[ 6.06662712 31.09351327]
7,6.066627123541831,31.093513272571712,-27.248657879552994,[-1.16065528 -0.57853845],0.001249999976691285,[ 6.0651763 31.0927901]
8,6.065176304467096,31.092790099524787,-27.248826537509032,[-0.74947716 -0.44447655],-2.3305801732931286e-11,[ 6.0651763 31.0927901]
9,6.065176304484563,31.092790099535147,-27.248826537509153,[0.67997915 0.98497977],-,-
