,X(k),Y(k),f(X(k)),d(k),alpha(k),X(k+1)
0,-20.0,-20.0,17640441.0,[2.49997024e-04 4.19990000e+02],1.0000000004822596,[-19.99975    399.99000032]
1,-19.999750002976032,399.99000032159023,440.9895001874939,[  21.00033822 -840.00302905],0.022000000477589765,[-19.53774255 381.50993328]
2,-19.537742552020706,381.5099332812716,426.3549913053942,[  0.47007719 -18.15504333],1.229000000483353,[-18.96001769 359.19738502]
3,-18.960017690372435,359.1973850248115,406.5182977864488,[  0.34427382 -12.76998946],2.294000000488438,[-18.17025356 329.90302919]
4,-18.17025355787312,329.9030291905424,374.0054657082652,[  0.368538   -13.13777272],1.900000000486557,[-17.47003135 304.94126101]
5,-17.470031353561062,304.9412610092917,347.9403053743409,[  0.34752793 -11.88191334],2.109000000487555,[-16.73709494 279.88230576]
6,-16.737094939289594,279.88230576354783,320.7569827204497,[  0.35047834 -11.48393723],2.0040000004870535,[-16.03473635 256.86849554]
7,-16.034736347245783,256.86849554220623,296.14923009160043,[  0.34168673 -10.71343922],2.0580000004873114,[-15.33154505 234.82023763]
8,-15.331545047575679,234.82023762815032,272.29065908506385,[  0.33877825 -10.15195194],2.0310000004871824,[-14.64348643 214.20162324]
9,-14.643486431308103,214.20162323573987,250.01196313515476,[ 0.33273872 -9.51483817],2.047000000487259,[-13.96237028 194.72474949]
10,-13.96237027572315,194.72474949379918,228.84695071284014,[ 0.32807291 -8.93831672],2.042000000487235,[-13.29244539 176.47270675]
11,-13.292445389839832,176.47270674920446,208.95679136083277,[ 0.32277765 -8.36461088],2.046000000487254,[-12.63204232 159.35871289]
12,-12.632042317839856,159.35871288882788,190.23335228172294,[ 0.31734863 -7.80774237],2.050000000487273,[-11.98147763 143.35284103]
13,-11.981477630271945,143.35284103451139,172.63824749650485,[ 0.31210701 -7.27604123],2.050000000487273,[-11.34165825 128.43695651]
14,-11.341658252744441,128.43695651499067,156.16814690738374,[ 0.30661681 -6.75883078],2.0520000004872827,[-10.71248055 114.56783575]
15,-10.712480554833784,114.56783575046177,140.76958399714889,[ 0.3012409  -6.26467077],2.051000000487278,[-10.09463546 101.718996  ]
16,-10.094635460120587,101.71899599723395,126.42773510700374,[ 0.2955904  -5.78508561],2.0530000004872875,[-9.48778837 89.84221523]
17,-9.487788366491761,89.84221522887074,113.08823819767605,[ 0.28985746 -5.32429964],2.055000000487297,[-8.89213128 78.90077947]
18,-8.892131283821145,78.90077947434206,100.71777829501471,[ 0.28389884 -4.8797123 ],2.059000000487316,[-8.30758356 68.85345184]
19,-8.307583562168924,68.85345183634931,89.2715029692076,[ 0.27785025 -4.45403551],2.0620000004873305,[-7.73465635 59.66923061]
20,-7.734656349351674,59.66923061150514,78.71779270389848,[ 0.27180584 -4.04897132],2.0630000004873352,[-7.1739209  51.31620278]
21,-7.173920898943255,51.31620277864384,69.03124415544589,[ 0.26549344 -3.66031954],2.0670000004873543,[-6.62514597 43.75032228]
22,-6.625145965188018,43.75032228299119,60.16598106514767,[ 0.25894162 -3.2888153 ],2.072000000487378,[-6.08861892 36.93589697]
23,-6.088618924882452,36.935896972530905,52.08138584227539,[ 0.25247347 -2.93904609],2.073000000487383,[-5.56524142 30.84325442]
24,-5.5652414152348095,30.843254423324687,44.75767229723103,[ 0.24559928 -2.60498099],2.078000000487407,[-5.05488611 25.43010393]
25,-5.0548861103374785,25.43010392957726,38.144430792153976,[ 0.23881448 -2.29259037],2.0790000004874116,[-4.5583908  20.66380855]
26,-4.558390800062712,20.663808554989913,32.220926697166206,[ 0.23137185 -1.99424848],2.0890000004874594,[-4.07505501 16.49782348]
27,-4.075055008992616,16.497823484217523,26.92798617573149,[ 0.22406455 -1.7179009 ],2.091000000487469,[-3.60653603 12.9056927 ]
28,-3.6065360322920865,12.905692698474645,22.248561947721676,[ 0.21645333 -1.45988398],2.096000000487493,[-3.15284986  9.84577587]
29,-3.152849861280822,9.845775867367244,18.142713033878614,[ 0.20829575 -1.21876407],2.1070000004875453,[-2.71397072  7.27783997]
30,-2.71397071732729,7.277839974674036,14.56441121193692,[ 0.20011248 -0.99840173],2.112000000487569,[-2.29133316  5.16921552]
31,-2.2913331639327663,5.169215519419234,11.488846811414238,[ 0.19137405 -0.79601127],2.1230000004876217,[-1.88504605  3.4792836 ]
32,-1.8850460544272853,3.4792835950123875,8.872794537441866,[ 0.18233236 -0.61329475],2.1330000004876695,[-1.49613114  2.1711259 ]
33,-1.4961311379670779,2.171125901380879,6.683363877683246,[ 0.17266502 -0.44937653],2.148000000487741,[-1.12524668  1.20586511]
34,-1.1252466829759016,1.205865106371608,4.880463279564142,[ 0.16269211 -0.30582251],2.1590000004877936,[-0.77399443  0.5455943 ]
35,-0.7739944277952272,0.5455943022917217,3.4329931724002485,[ 0.15169328 -0.18134644],2.1850000004879178,[-0.44254461  0.14935234]
36,-0.44254460865202633,0.1493523383431174,2.2970985007430698,[ 0.14007085 -0.0774818 ],2.2090000004880324,[-0.13312811 -0.02180497]
37,-0.1331281089181755,-0.02180496560536449,1.4402260559681732,[0.12723754 0.00565027],2.247000000488214,[ 0.15277464 -0.0091088 ]
38,0.15277463634780208,-0.009108800660222014,0.8230838641513204,[0.11311755 0.06701188],2.294000000488438,[0.4122663  0.14461644]
39,0.41226630295464645,0.14461644341116814,0.40967824948976034,[0.09683536 0.10519097],2.375000000488825,[0.64225027 0.394445  ]
40,0.6422502747628476,0.3944449972251638,0.16053053481845198,[0.07763525 0.11776294],2.4960000004894027,[0.83602786 0.68838129]
41,0.8360278586404548,0.6883812940571833,0.038040940111995665,[0.05268592 0.09865508],2.722000000490482,[0.97943894 0.95692043]
42,0.9794389360958372,0.9569204275306527,0.0009892935096608682,[0.01392988 0.02966713],1.229000000483353,[0.99655876 0.99338133]
43,0.9965587571483511,0.993381334437612,1.8191443035184347e-05,[0.00362387 0.00697082],0.9510000004820256,[1.00000506 1.00001058]
